# Input data
INPUT_PATH=./data/routing_expert_token_0.txt

# Input file format description:
# The file is divided into blocks separated by a line of '%' characters.
# Each block corresponds to a single token.
#
# Within each block:
#   - Each line represents one transformer layer.
#   - The number before ':' is the layer index (1-based).
#   - The comma-separated values after ':' are the top-K selected experts
#     for that layer, ordered by routing score (highest to lowest).


# 1: 119, 88, 22, 159, 136, 36, 43, 5
# 2: 81, 111, 153, 143, 115, 66, 107, 69
# 3: 56, 6, 62, 159, 111, 22, 92, 127
# 4: 150, 30, 7, 97, 116, 61, 36, 45
# 5: 12, 9, 121, 99, 68, 158, 84, 34
# 6: 3, 47, 58, 109, 57, 151, 158, 34
# 7: 50, 24, 143, 103, 106, 129, 22, 57
# 8: 35, 27, 122, 90, 9, 98, 37, 8
# 9: 0, 139, 27, 87, 66, 44, 37, 141
# 10: 26, 44, 63, 78, 109, 83, 143, 69
# 11: 18, 83, 49, 100, 32, 65, 55, 123
# 12: 82, 71, 55, 139, 128, 22, 57, 80
# 13: 23, 100, 51, 75, 118, 96, 35, 70
# 14: 45, 122, 101, 83, 23, 114, 119, 82
# 15: 69, 39, 82, 129, 155, 97, 132, 9
# 16: 102, 74, 25, 52, 50, 77, 128, 134
# 17: 26, 117, 61, 70, 140, 89, 113, 149
# 18: 18, 21, 118, 155, 121, 10, 94, 139
# 19: 132, 57, 16, 49, 13, 59, 91, 102
# 20: 134, 47, 147, 66, 146, 87, 159, 5
# 21: 69, 23, 153, 81, 14, 158, 92, 118
# 22: 137, 0, 44, 24, 75, 139, 14, 37
# 23: 107, 88, 152, 85, 31, 147, 42, 71
# 24: 65, 84, 17, 67, 137, 63, 35, 16
# 25: 65, 87, 150, 23, 12, 54, 34, 130
# 26: 45, 55, 101, 90, 123, 9, 35, 61
# 27: 90, 9, 24, 54, 135, 121, 25, 98
# 28: 34, 64, 51, 88, 127, 40, 108, 42
# 29: 42, 129, 64, 1, 125, 109, 89, 151
# 30: 64, 143, 30, 44, 105, 121, 88, 131
# 31: 146, 58, 4, 19, 88, 113, 30, 13
# 32: 110, 123, 6, 41, 148, 91, 69, 147
# 33: 59, 30, 116, 32, 129, 145, 60, 138
# 34: 72, 57, 38, 21, 27, 113, 7, 127
# 35: 152, 90, 108, 53, 52, 113, 45, 22
# 36: 34, 92, 156, 2, 138, 19, 108, 66
# 37: 27, 80, 44, 9, 120, 10, 19, 123
# 38: 78, 122, 7, 121, 16, 53, 108, 39
# 39: 22, 6, 136, 90, 149, 115, 82, 145
# 40: 30, 107, 96, 21, 105, 11, 42, 150
# 41: 63, 55, 28, 96, 50, 104, 7, 144
# 42: 5, 50, 93, 64, 114, 145, 130, 150
# 43: 132, 158, 85, 63, 3, 72, 10, 48
# 44: 69, 74, 106, 10, 70, 107, 57, 29
# 45: 94, 48, 103, 24, 26, 63, 159, 112
# 46: 54, 68, 8, 119, 97, 120, 93, 76
# 47: 49, 125, 131, 156, 83, 93, 116, 101
# 48: 68, 92, 76, 131, 119, 94, 109, 146
# 49: 98, 49, 101, 4, 125, 104, 33, 22
# 50: 70, 18, 103, 155, 42, 58, 40, 118
# 51: 1, 36, 60, 118, 128, 37, 45, 145
# 52: 157, 97, 114, 78, 67, 16, 4, 37
# 53: 86, 102, 142, 54, 150, 69, 121, 62
# 54: 7, 116, 3, 87, 71, 138, 104, 50
# 55: 138, 28, 43, 107, 80, 49, 21, 75
# 56: 95, 129, 100, 154, 107, 130, 69, 47
# 57: 66, 54, 148, 57, 131, 126, 119, 15
# 58: 49, 155, 115, 38, 112, 9, 17, 86
# 59: 84, 75, 34, 25, 85, 26, 136, 150
# %%%%%%%%%%%%%%%%%%%%%%

# 1: 119, 66, 57, 131, 18, 32, 99, 73
# 2: 153, 82, 141, 42, 152, 66, 56, 55
# 3: 68, 93, 144, 110, 97, 57, 59, 109
# 4: 45, 86, 123, 60, 0, 7, 149, 65
# 5: 93, 144, 107, 58, 38, 106, 98, 129
# 6: 37, 133, 30, 3, 65, 124, 75, 46
# 7: 35, 96, 50, 24, 23, 66, 11, 75
# 8: 122, 141, 10, 139, 110, 138, 33, 104
# 9: 21, 56, 126, 91, 107, 84, 125, 76
# 10: 30, 17, 2, 125, 28, 20, 87, 157
# 11: 33, 70, 62, 147, 49, 156, 59, 135
# 12: 98, 84, 57, 124, 150, 105, 28, 71
# 13: 100, 52, 119, 2, 80, 109, 30, 127
# 14: 64, 115, 136, 20, 156, 36, 21, 143
# 15: 120, 100, 49, 80, 97, 28, 48, 5
# 16: 9, 58, 112, 135, 50, 52, 10, 136
# 17: 42, 127, 20, 81, 151, 98, 16, 110
# 18: 75, 65, 10, 32, 44, 55, 156, 35
# 19: 100, 19, 56, 24, 151, 74, 114, 153
# 20: 91, 53, 147, 84, 31, 156, 134, 30
# 21: 69, 24, 82, 15, 27, 5, 155, 157
# 22: 110, 134, 92, 26, 123, 85, 34, 119
# 23: 4, 5, 106, 157, 158, 107, 99, 52
# 24: 21, 17, 58, 2, 142, 50, 6, 88
# 25: 138, 100, 55, 150, 33, 54, 10, 130
# 26: 44, 98, 140, 32, 34, 9, 135, 139
# 27: 73, 65, 67, 116, 20, 128, 9, 132
# 28: 65, 127, 88, 19, 110, 118, 146, 158
# 29: 42, 17, 104, 29, 64, 41, 80, 105
# 30: 143, 11, 112, 121, 72, 98, 38, 63
# 31: 71, 87, 110, 58, 132, 147, 117, 88
# 32: 9, 91, 110, 123, 20, 147, 58, 119
# 33: 151, 143, 32, 30, 129, 39, 3, 94
# 34: 102, 127, 57, 32, 12, 7, 72, 113
# 35: 14, 152, 108, 10, 124, 84, 125, 53
# 36: 59, 155, 34, 66, 114, 156, 81, 113
# 37: 44, 146, 18, 132, 120, 80, 98, 55
# 38: 78, 118, 122, 7, 108, 49, 58, 16
# 39: 22, 3, 6, 46, 144, 114, 98, 91
